function model_param = Ramsey_model(in1)
%Ramsey_model
%    MODEL_PARAM = Ramsey_model(IN1)

%    This function was generated by the Symbolic Math Toolbox version 9.0.
%    19-Feb-2022 13:46:05

tauul1 = in1(1,:);
tauul2 = in1(2,:);
tauul3 = in1(3,:);
tauul4 = in1(4,:);
tauul5 = in1(5,:);
tauul6 = in1(6,:);
tauul7 = in1(7,:);
tauul8 = in1(8,:);
tauul9 = in1(9,:);
tauul10 = in1(10,:);
tauul11 = in1(11,:);
tauul12 = in1(12,:);
tauul13 = in1(13,:);
tauul14 = in1(14,:);
tauul15 = in1(15,:);
tauul16 = in1(16,:);
tauul17 = in1(17,:);
tauul18 = in1(18,:);
tauul19 = in1(19,:);
tauul20 = in1(20,:);
tauul21 = in1(21,:);
tauul22 = in1(22,:);
tauul23 = in1(23,:);
tauul24 = in1(24,:);
tauul25 = in1(25,:);
tauul26 = in1(26,:);
tauul27 = in1(27,:);
tauul28 = in1(28,:);
tauul29 = in1(29,:);
tauul30 = in1(30,:);
et1 = 4.217654750638457e-1./(tauul16-1.0);
et2 = 4.217654750638457e-1;
et3 = 4.213437095887819e-1./(tauul17-1.0);
et4 = 4.213437095887819e-1;
et5 = 4.209223658791931e-1./(tauul18-1.0);
et6 = 4.209223658791931e-1;
et7 = 4.205014435133139e-1./(tauul19-1.0);
et8 = 4.205014435133139e-1;
et9 = 4.200809420698006e-1./(tauul20-1.0);
et10 = 4.200809420698006e-1;
et11 = 4.196608611277308e-1./(tauul21-1.0);
et12 = 4.196608611277308e-1;
et13 = 4.19241200266603e-1./(tauul22-1.0);
et14 = 4.19241200266603e-1;
et15 = 4.188219590663364e-1./(tauul23-1.0);
et16 = 4.188219590663364e-1;
et17 = 4.184031371072701e-1./(tauul24-1.0);
et18 = 4.184031371072701e-1;
et19 = 4.179847339701628e-1./(tauul25-1.0);
et20 = 4.179847339701628e-1;
et21 = 4.175667492361927e-1./(tauul26-1.0);
et22 = 4.175667492361927e-1;
et23 = 4.171491824869565e-1./(tauul27-1.0);
et24 = 4.171491824869565e-1;
et25 = 4.167320333044695e-1./(tauul28-1.0);
et26 = 4.167320333044695e-1;
et27 = 4.163153012711651e-1./(tauul29-1.0);
et28 = 4.163153012711651e-1;
et29 = 4.158989859698939e-1./(tauul30-1.0);
et30 = 4.158989859698939e-1;
mt1 = [4.281428571428571e-1./(tauul1-1.0)+4.281428571428571e-1;4.277147142857143e-1./(tauul2-1.0)+4.277147142857143e-1;4.272869995714286e-1./(tauul3-1.0)+4.272869995714286e-1;4.268597125718571e-1./(tauul4-1.0)+4.268597125718571e-1];
mt2 = [4.264328528592853e-1./(tauul5-1.0)+4.264328528592853e-1;4.26006420006426e-1./(tauul6-1.0)+4.26006420006426e-1];
mt3 = [4.255804135864196e-1./(tauul7-1.0)+4.255804135864196e-1];
mt4 = [4.251548331728332e-1./(tauul8-1.0)+4.251548331728332e-1];
mt5 = [4.247296783396603e-1./(tauul9-1.0)+4.247296783396603e-1];
mt6 = [4.243049486613207e-1./(tauul10-1.0)+4.243049486613207e-1];
mt7 = [4.238806437126593e-1./(tauul11-1.0)+4.238806437126593e-1];
mt8 = [4.234567630689467e-1./(tauul12-1.0)+4.234567630689467e-1];
mt9 = [4.230333063058777e-1./(tauul13-1.0)+4.230333063058777e-1];
mt10 = [4.226102729995719e-1./(tauul14-1.0)+4.226102729995719e-1];
mt11 = [4.221876627265723e-1./(tauul15-1.0)+4.221876627265723e-1;et1+et2];
mt12 = [et3+et4;et5+et6;et7+et8;et9+et10;et11+et12;et13+et14;et15+et16;et17+et18;et19+et20;et21+et22;et23+et24;et25+et26;et27+et28;et29+et30];
model_param = [mt1;mt2;mt3;mt4;mt5;mt6;mt7;mt8;mt9;mt10;mt11;mt12];
